acquire 1574
    0386 1574 1578 2510 2582
    2658 2692 2759 2819 2880
    2941 2956 3016 3029 3105
    3125 3177 3252 3282 3310
    3525 3542 3766 4172 4192
    4859 4915 5020 5083 5174
    5186 5205 5380 5407 5426
    5481 5808 5841 5912 5925
    6430 6454 6468 7363 7384
    7405 8560 8731 8778 8814
acquiresleep 5172
    0395 5027 5042 5172 5861
    5910
allocproc 2505
    2505 2558 2631 3212 3213
allocuvm 1927
    0436 1927 1941 1947 2610
    7201 7215
alltraps 3654
    3609 3617 3630 3635 3653
    3654
ALT 8260
    8260 8288 8290
argfd 6621
    6621 6673 6688 6707 6718
    6731
argint 3952
    0410 3952 3966 3986 4134
    4156 4170 4212 4222 4224
    4234 4254 4256 4258 4267
    4277 4279 4288 4304 4312
    4321 4331 4340 4342 4354
    6626 6688 6707 6958 7025
    7026 7082
